           1           2  0.928420875290839     
           2           3  0.998618577150111     
           3           4  0.969830401003956     
           4           5  0.927964514083022     
           5           6   1.02050128132931     
           6           7  0.888038170826165     
           1           8  0.915849858586714     
           1           9  0.855103061840503     
           2          10  0.957657855861626     
           2          11  0.971498372723386     
           3          12  0.967558845415824     
           3          13  0.930939762806437     
           4          14  0.919844576458729     
           5          15  0.959195924907266     
           5          16  0.954436139659356     
           6          17  0.962529193430011     
           6          18  0.964448530831938     
           7          19  0.843043247381622     
           7          20  0.911018199840995     
