           1           2   1.01879897242440     
           2           3   1.00257709733535     
           3           4   1.02224292302329     
           4           5   1.02683105446975     
           5           6   1.00365972561228     
           6           7   1.02096372381590     
           1           8  0.973116034916572     
           1           9  0.959906961829431     
           2          10  0.976954116702598     
           2          11  0.969758850653454     
           3          12  0.967647977777066     
           3          13  0.960454320049614     
           4          14  0.948657814365511     
           5          15  0.960778081317778     
           5          16  0.959207502776064     
           6          17  0.973925252014551     
           6          18  0.968916942446367     
           7          19  0.972364182086816     
           7          20  0.964850096579018     
